100
71
64
62
68
66
72
36
75
89
7
88
21
2
71
60
38
74
77
45
37
17
61
95
22
49
67
40
84
51
4
83
36
43
63
90
98
12
93
41
6
72
76
98
50
66
33
74
68
65
33
6
4
55
13
52
10
68
41
20
98
33
51
25
85
24
52
78
39
80
62
27
81
37
39
65
40
62
45
56
16
93
71
20
18
98
80
81
31
11
80
30
70
73
42
73
21
52
14
27
14
55
36
87
4
7
25
67
16
48
13
48
24
84
4
6
61
32
7
86
44
71
47
29
99
32
56
8
94
66
44
88
49
18
43
61
57
83
17
12
74
14
66
83
97
33
6
86
70
37
12
89
45
27
83
43
8
8
88
71
51
17
72
49
4
25
98
7
42
42
48
77
16
95
13
31
5
64
31
66
27
69
38
57
55
55
43
22
35
99
53
50
95
45
61
57
41
17
80
73
35
99
45
28
88
34
73
50
15
53
38
44
76
22
44
81
79
16
94
48
82
77
72
42
88
97
82
70
34
55
89
88
84
57
32
28
25
11
68
21
81
92
7
81
61
10
74
74
1
79
78
25
23
32
91
57
27
3
39
91
52
3
16
60
63
50
60
19
89
17
57
68
47
74
67
89
70
90
80
79
24
8
70
55
76
65
65
53
66
74
1
22
71
77
68
78
76
47
19
12
50
55
84
84
23
10
78
49
64
2
87
37
22
60
67
45
33
61
83
98
84
8
52
15
17
35
97
69
6
88
13
23
72
69
29
69
23
86
33
66
86
17
88
65
87
64
99
12
10
24
46
16
64
20
27
43
3
70
67
87
13
9
43
76
88
65
64
53
31
98
22
47
28
18
12
68
20
87
28
52
35
85
60
82
43
96
59
52
42
86
66
53
19
45
53
77
74
12
76
23
99
47
81
12
2
98
87
46
8
59
23
15
43
16
53
27
49
60
34
92
6
12
12
44
32
68
29
83
64
35
93
8
12
6
53
88
5
48
80
44
10
13
45
82
63
52
11
4
92
27
29
14
77
84
17
88
36
37
79
34
69
5
82
73
65
15
4
37
62
64
22
1
79
90
82
93
67
29
80
80
58
26
90
37
6
80
31
27
89
64
52
68
69
47
74
5
30
71
18
49
48
73
41
28
5
28
34
87
2
23
21
7
57
99
75
44
14
45
67
85
84
76
48
98
13
54
32
32
16
78
63
95
12
32
32
84
85
63
33
78
46
44
26
66
43
45
11
70
71
31
91
85
4
32
64
72
25
42
16
51
96
3
71
24
60
25
95
25
67
91
59
51
13
89
39
41
51
82
55
67
43
62
60
84
86
78
92
79
67
60
59
43
47
82
82
44
72
2
7
19
50
86
3
80
72
41
72
15
92
24
21
43
87
49
8
34
42
86
37
81
33
17
58
8
32
16
4
31
7
95
68
49
76
37
17
57
60
80
13
46
6
78
86
44
39
17
55
98
74
48
2
85
64
25
85
33
28
94
49
56
38
42
8
97
55
72
66
51
32
51
74
62
74
91
75
55
30
14
69
15
61
5
56
59
93
82
84
51
51
84
29
65
32
56
9
63
70
89
88
67
50
4
66
24
74
40
12
73
49
31
3
15
25
34
95
33
86
49
4
73
87
16
1
48
22
9
30
18
83
13
85
41
26
3
64
57
38
33
84
53
71
12
2
21
81
15
40
97
61
75
77
22
85
16
80
35
4
19
2
65
10
94
90
37
45
61
88
23
70
39
94
53
64
51
2
76
14
79
67
7
68
33
57
8
35
64
56
11
23
30
54
20
31
20
43
77
21
64
75
20
27
18
28
23
81
24
57
35
14
4
21
24
52
95
96
77
38
83
3
81
6
78
1
41
84
74
23
44
8
25
55
50
5
47
80
51
6
34
26
11
7
22
96
19
9
30
68
36
24
66
40
38
62
93
14
49
17
87
38
7
2
13
27
89
49
71
19
5
15
45
71
4
58
92
75
83
81
82
32
55
7
87
21
41
85
18
88
12
34
32
35
19
96
19
9
93
94
8
70
38
11
63
21
78
94
36
80
69
18
31
67
35
55
83
99
14
92
85
5
31
83
8
71
82
11
53
7
39
83
81
89
73
13
94
44
44
66
42
47
49
38
19
93
3
64
1
63
14
19
95
2
9
4
39
54
4
92
39
68
41
30
41
85
36
41
94
22
60
40
56
47
50
39
55
92
64
15
68
19
10
89
93
20
88
80
80
70
73
40
40
52
28
74
6
20
96
34
57
62
70
78

